
CNN 超参数贝叶斯优化报告
============================================================
生成时间：2026-03-21 19:08:34
设备：cuda

最优超参数:
{
  "learning_rate": 0.006292409204267483,
  "weight_decay": 2.9046011346539613e-05,
  "dropout": 0.1,
  "fc1_dim": 107,
  "batch_size": 16,
  "test_loss": 0.691429313406189
}

优化历史统计:
       learning_rate  weight_decay   dropout     fc1_dim  batch_size  test_loss  elapsed_time
count       5.000000      5.000000  5.000000    5.000000    5.000000   5.000000      5.000000
mean        0.001898      0.000231  0.264721   61.600000   60.800000   0.694841      1.042466
std         0.002650      0.000322  0.173470   34.253467   42.932505   0.004233      0.743066
min         0.000015      0.000005  0.100000   32.000000   16.000000   0.691429      0.414328
25%         0.000020      0.000029  0.102827   34.000000   32.000000   0.691551      0.532391
50%         0.000712      0.000069  0.233483   46.000000   64.000000   0.693942      0.557070
75%         0.002453      0.000280  0.411876   89.000000   64.000000   0.695516      1.844403
max         0.006292      0.000773  0.475421  107.000000  128.000000   0.701765      1.864138

前 5 佳结果:
 learning_rate  weight_decay  dropout  fc1_dim  batch_size  test_loss  elapsed_time
      0.006292      0.000029 0.100000      107          16   0.691429      1.864138
      0.000712      0.000280 0.102827       34          64   0.691551      0.557070
      0.000020      0.000069 0.233483       46          64   0.693942      0.532391
      0.002453      0.000005 0.411876       89          32   0.695516      1.844403
      0.000015      0.000773 0.475421       32         128   0.701765      0.414328
