
CNN 超参数贝叶斯优化报告
============================================================
生成时间：2026-03-23 20:14:49
设备：cuda

最优超参数:
{
  "learning_rate": 0.0012423218503596573,
  "weight_decay": 1.382839544057152e-06,
  "dropout": 0.10391990012348876,
  "fc1_dim": 79,
  "batch_size": 128,
  "test_loss": 0.6118676201363462
}

优化历史统计:
       learning_rate  weight_decay    dropout     fc1_dim  batch_size  test_loss  elapsed_time
count      50.000000     50.000000  50.000000   50.000000   50.000000  50.000000     50.000000
mean        0.001504      0.001017   0.234105   83.900000   48.960000   0.644551     11.104756
std         0.002471      0.002394   0.159272   40.422892   39.113107   0.030135      5.974127
min         0.000012      0.000001   0.100000   32.000000   16.000000   0.611868      3.705739
25%         0.000303      0.000001   0.100000   46.250000   16.000000   0.620319      5.483040
50%         0.000704      0.000006   0.108512   79.000000   32.000000   0.636712      9.791651
75%         0.001423      0.000084   0.374234  128.000000   64.000000   0.669018     18.249028
max         0.010000      0.010000   0.500000  128.000000  128.000000   0.701959     21.015335

前 5 佳结果:
 learning_rate  weight_decay  dropout  fc1_dim  batch_size  test_loss  elapsed_time
      0.001242      0.000001  0.10392       79         128   0.611868      3.705739
      0.000686      0.000014  0.10000      128          32   0.611872      9.888311
      0.000481      0.000007  0.10000       32          16   0.612801     19.499487
      0.001464      0.000001  0.10000      126          64   0.615063      5.290870
      0.000708      0.000067  0.10000      128          64   0.615973     11.457160
